27
31
53
69
77
101
137
180
215
269
327
398
290
19
26
34
53
61
91
126
148
179
226
274
336
288
22
31
38
51
57
90
114
151
180
224
278
328
291
22
26
38
52
63
76
109
148
190
219
278
328
32
49
69
93
88
115
146
192
229
281
332
396
22
291
41
55
74
75
94
120
157
198
232
277
328
19
294
39
54
72
74
89
122
156
188
242
291
341
26
290
42
51
67
80
99
123
157
190
227
283
333
34
58
92
99
99
131
157
193
232
294
339
402
29
39
300
66
74
87
105
125
166
198
241
286
349
30
42
306
63
82
86
99
123
160
192
238
303
344
28
41
298
69
85
92
105
137
159
208
246
304
326
51
70
86
131
123
151
177
202
248
298
350
413
36
57
64
323
93
102
111
136
169
209
255
300
344
39
60
64
312
103
102
113
141
170
199
256
293
361
43
58
71
317
92
96
115
141
173
202
253
288
357
69
93
112
125
146
160
182
207
262
297
366
427
52
71
82
95
353
115
135
153
184
209
264
299
355
52
71
84
96
326
108
129
154
188
209
260
300
375
56
70
92
97
352
129
136
155
176
211
257
305
363
72
93
102
127
149
164
186
213
251
306
359
417
62
76
93
107
120
358
127
164
188
216
253
302
353
61
75
90
102
110
344
136
148
179
215
259
311
356
59
76
89
102
110
342
141
161
184
214
250
293
356
106
108
127
150
172
179
196
236
263
303
356
412
81
97
105
114
131
143
372
146
192
228
256
300
351
85
87
99
125
125
138
374
153
193
224
264
295
357
81
96
105
122
132
139
381
163
187
221
259
297
358
139
146
153
169
193
196
196
242
275
314
358
425
108
119
128
134
141
150
167
407
185
223
257
304
354
110
123
134
135
147
152
156
409
190
219
254
291
359
112
120
129
133
149
163
158
416
195
222
266
310
352
175
190
204
206
228
225
225
234
273
319
364
427
146
149
162
172
170
182
193
180
453
224
264
322
360
156
160
159
166
175
166
184
188
444
231
255
302
361
150
150
165
185
177
182
194
189
462
226
260
305
353
220
234
239
248
261
247
269
278
271
306
358
421
186
198
198
215
212
221
224
220
226
477
253
281
355
186
194
200
204
224
215
229
221
229
480
259
300
361
191
187
204
210
205
208
233
228
228
484
251
296
356
264
284
279
296
300
299
309
308
319
311
351
416
225
234
251
256
257
255
249
255
276
254
516
295
353
230
236
244
252
252
256
256
258
262
259
522
294
327
224
232
238
253
260
257
263
260
276
263
515
293
335
330
330
348
358
357
342
368
372
365
368
361
395
278
283
295
289
313
297
303
304
318
295
296
559
341
275
278
292
301
311
298
313
309
318
313
294
561
340
273
281
279
307
302
301
299
301
308
300
295
570
338
388
395
400
420
428
415
411
438
433
419
416
389
334
328
338
360
347
352
360
352
356
341
340
331
608
329
336
343
347
367
357
355
353
347
354
349
334
604
334
330
352
347
368
366
355
359
357
357
346
340
595
282
22
30
39
55
59
90
118
145
191
225
279
343
28
37
53
73
74
109
141
180
232
272
323
378
283
22
27
37
53
62
87
113
146
188
233
259
336
284
27
27
39
53
60
88
116
145
189
226
268
337
24
301
42
57
67
82
95
120
160
186
226
278
337
24
59
72
90
91
111
151
182
232
290
345
398
22
291
38
53
72
73
87
125
155
185
235
281
329
21
296
39
58
69
73
93
110
159
194
237
277
341
26
41
315
67
79
88
97
122
156
202
236
286
344
30
56
89
112
113
118
158
193
234
282
347
408
30
39
299
70
81
86
101
134
160
194
236
288
345
29
44
298
68
81
90
100
130
172
202
241
280
337
38
60
74
321
99
101
114
142
172
206
257
297
360
52
71
91
124
124
152
174
202
254
302
350
411
40
52
63
322
98
111
119
136
175
199
244
300
346
43
56
70
314
96
103
115
142
177
211
251
300
355
56
70
87
89
340
111
130
158
184
215
264
309
357
68
85
107
128
137
163
191
217
259
296
354
425
55
67
81
96
340
110
128
149
173
211
242
305
358
61
75
87
97
333
117
127
156
174
212
254
312
350
63
74
96
104
121
364
131
164
194
213
251
314
347
77
89
106
127
146
170
201
217
263
305
363
432
60
75
98
94
121
361
135
152
185
206
255
309
361
61
73
86
105
107
356
136
161
181
215
261
301
360
80
95
107
109
144
136
388
161
194
209
259
304
359
102
120
116
148
160
172
201
224
271
297
356
410
83
89
103
118
127
133
391
155
187
223
243
297
357
92
95
101
114
137
131
401
156
186
213
254
308
349
115
121
123
139
142
163
161
403
193
212
259
303
351
130
148
155
162
193
184
191
239
264
312
363
422
115
117
129
141
154
157
157
412
191
222
254
310
344
124
120
127
146
148
166
154
423
190
222
263
292
351
154
155
156
170
183
187
188
188
451
221
259
301
364
181
188
195
197
213
217
225
255
285
307
372
429
145
166
150
166
181
185
194
188
439
228
263
316
360
149
160
163
179
182
187
190
192
436
226
273
304
357
183
197
210
210
222
219
226
212
224
478
249
307
345
213
225
237
241
251
256
262
269
281
300
367
427
184
193
199
208
224
230
219
217
237
488
262
296
345
193
194
206
206
209
216
209
233
225
480
259
307
358
229
234
249
249
261
263
258
265
266
251
520
284
352
271
285
280
297
300
299
300
312
316
313
353
410
227
231
236
246
256
255
251
248
261
262
523
287
339
228
233
252
252
269
254
255
268
259
253
517
285
346
274
273
289
301
293
309
302
314
308
308
289
555
338
332
333
337
363
361
354
363
366
367
368
360
392
266
285
285
293
310
293
278
308
305
304
292
567
338
285
292
299
301
307
302
302
309
315
296
299
563
350
325
337
349
356
354
356
359
353
367
350
341
345
612
387
413
409
420
415
421
418
420
427
417
402
399
317
340
339
343
355
361
364
354
354
345
346
327
604
334
333
342
342
363
362
364
365
370
345
340
329
617
290
20
32
37
47
65
85
113
157
182
231
269
323
275
24
31
40
52
70
85
113
144
187
235
278
321
32
39
48
65
76
110
144
182
227
276
330
393
288
21
27
41
58
65
84
111
151
183
227
275
330
21
294
46
56
71
78
91
117
160
195
229
279
340
23
295
44
57
67
75
93
120
164
197
237
288
333
29
53
65
96
90
116
146
197
230
282
328
402
23
299
37
54
72
73
86
123
163
192
234
281
328
30
35
308
68
89
80
111
125
158
202
235
295
342
30
42
310
62
79
86
108
135
165
202
243
289
354
39
55
89
109
114
131
157
201
248
289
346
404
30
36
301
66
84
88
106
124
162
210
240
297
344
39
54
68
323
99
102
120
137
161
217
242
303
358
38
55
64
316
96
101
122
144
167
206
243
301
330
52
78
90
122
124
146
163
203
246
294
354
429
41
54
65
325
98
108
110
136
179
194
239
297
359
54
75
84
96
333
117
133
159
182
207
255
305
352
57
69
81
101
343
115
140
159
171
212
263
308
354
67
96
107
132
148
167
195
216
257
307
348
429
59
67
80
101
345
111
134
149
190
211
258
300
355
64
73
81
98
119
356
138
154
189
217
259
311
345
63
72
87
94
113
348
141
162
188
209
257
305
359
76
93
110
134
141
170
200
222
252
301
369
425
63
72
81
106
121
353
135
159
191
209
256
295
357
87
97
105
121
128
139
388
154
187
214
257
303
356
87
95
102
121
138
131
371
152
174
218
252
294
356
113
110
123
154
157
168
185
225
273
303
361
422
84
91
100
120
129
126
379
167
193
218
262
303
369
110
118
126
139
153
156
162
402
200
218
260
293
348
114
124
134
144
150
157
164
413
198
230
267
302
355
136
147
145
165
190
205
211
240
273
308
375
416
112
125
129
133
152
152
155
417
199
226
253
305
352
148
162
172
168
179
191
191
194
443
229
264
306
367
150
168
168
168
181
188
192
202
438
237
268
310
342
185
197
205
213
218
226
231
239
270
331
368
418
157
164
159
177
178
190
187
194
441
235
261
299
353
178
204
196
211
212
215
222
218
213
483
249
303
348
180
193
202
215
215
220
216
218
228
476
242
294
353
215
231
241
239
256
262
262
276
269
304
361
416
185
195
200
200
219
218
223
221
232
476
254
298
351
227
237
255
261
258
254
264
273
266
245
524
298
342
224
227
250
247
263
252
260
257
264
259
522
287
346
279
286
298
291
302
311
305
302
321
316
356
415
223
242
253
250
268
244
259
255
263
252
517
295
341
277
293
293
293
294
297
296
293
311
303
291
565
342
281
294
287
294
300
304
300
299
296
294
295
562
344
324
337
338
355
374
359
354
368
368
365
350
396
275
289
286
307
302
303
294
307
305
299
304
562
326
335
334
358
351
366
365
366
360
356
357
343
329
601
320
344
345
347
361
368
353
357
358
349
344
332
612
387
399
385
419
405
424
424
418
426
414
406
399
316
326
335
350
355
351
363
355
356
347
348
329
599
286
21
21
40
56
62
91
115
151
183
231
280
327
280
23
28
41
60
63
83
115
144
174
231
278
320
288
24
26
40
56
58
88
118
147
182
230
281
335
30
33
50
69
68
104
139
168
220
278
332
394
18
293
44
51
70
78
101
122
157
194
238
285
343
25
291
38
56
65
74
97
131
155
194
233
287
342
24
284
43
54
72
78
91
119
163
193
242
284
337
30
60
66
87
90
112
147
189
227
272
337
402
25
41
295
67
86
91
108
128
158
196
240
290
348
27
41
300
66
83
95
104
128
170
211
230
294
337
24
47
304
71
83
86
110
131
161
202
237
290
341
37
48
82
106
111
133
148
196
236
293
349
413
41
54
68
319
93
105
116
145
165
220
239
294
340
40
59
66
316
101
111
112
142
169
220
240
300
354
41
50
62
317
92
100
126
141
175
199
252
302
352
52
75
84
126
126
144
170
205
254
305
360
417
55
71
79
96
349
122
135
152
183
207
251
299
355
53
75
97
111
345
108
130
154
175
216
256
300
355
57
75
74
101
334
110
127
160
184
213
241
301
362
72
86
108
122
146
163
185
206
255
292
367
426
62
79
89
104
110
357
130
158
192
213
256
304
355
64
70
85
97
124
360
135
150
186
213
254
306
361
56
75
84
99
115
348
124
150
187
213
249
308
358
74
86
115
133
151
172
189
225
264
305
364
432
86
90
112
108
132
125
378
169
189
217
260
287
363
87
90
108
113
130
133
381
160
186
230
241
297
364
90
94
99
119
128
128
373
151
181
210
254
299
348
108
118
129
144
159
157
188
230
256
310
356
421
119
120
128
132
150
154
148
420
192
221
260
294
357
116
124
126
137
164
149
170
413
185
234
252
305
329
112
112
127
143
155
157
153
426
186
221
248
302
352
147
145
150
165
179
196
191
241
264
303
363
419
151
154
166
173
181
182
187
193
455
224
250
306
359
146
162
171
164
178
177
185
182
446
232
268
309
352
147
156
152
166
177
182
192
187
457
224
258
301
354
183
195
189
199
220
234
235
244
289
323
371
434
189
186
208
206
217
212
227
228
239
485
256
291
363
181
184
198
209
222
210
216
214
243
477
258
304
343
188
193
201
220
205
205
216
212
227
471
258
305
349
208
229
233
246
257
258
269
266
279
302
363
420
232
237
249
241
266
257
265
252
266
256
507
286
349
233
236
251
254
251
249
247
261
262
241
511
300
347
225
232
237
254
251
244
262
256
267
263
527
302
355
270
281
291
293
308
302
311
306
315
311
346
415
293
294
290
300
310
304
286
304
300
298
275
557
342
292
289
283
294
299
300
309
308
311
301
288
564
335
280
282
281
294
301
301
298
301
310
305
285
570
327
324
343
341
359
353
365
359
351
378
350
356
410
329
339
339
350
357
353
356
357
356
357
352
330
598
326
338
332
342
345
378
370
351
361
344
332
340
616
325
328
343
346
355
349
355
346
360
354
333
338
610
388
402
402
409
421
409
417
420
429
407
413
402
